ANGLE | ANGLE_BIN |    SIN_FLOAT |  Q2.8_DEC |   Q2.8_BIN
---------------------------------------------------------
    0 | 000000000 |   0.00000000 |         0 | 0000000000
    1 | 000000001 |   0.01745241 |         4 | 0000000100
    2 | 000000010 |   0.03489950 |         9 | 0000001001
    3 | 000000011 |   0.05233596 |        13 | 0000001101
    4 | 000000100 |   0.06975647 |        18 | 0000010010
    5 | 000000101 |   0.08715574 |        22 | 0000010110
    6 | 000000110 |   0.10452846 |        27 | 0000011011
    7 | 000000111 |   0.12186934 |        31 | 0000011111
    8 | 000001000 |   0.13917310 |        36 | 0000100100
    9 | 000001001 |   0.15643447 |        40 | 0000101000
   10 | 000001010 |   0.17364818 |        44 | 0000101100
   11 | 000001011 |   0.19080900 |        49 | 0000110001
   12 | 000001100 |   0.20791169 |        53 | 0000110101
   13 | 000001101 |   0.22495105 |        58 | 0000111010
   14 | 000001110 |   0.24192190 |        62 | 0000111110
   15 | 000001111 |   0.25881905 |        66 | 0001000010
   16 | 000010000 |   0.27563736 |        71 | 0001000111
   17 | 000010001 |   0.29237170 |        75 | 0001001011
   18 | 000010010 |   0.30901699 |        79 | 0001001111
   19 | 000010011 |   0.32556815 |        83 | 0001010011
   20 | 000010100 |   0.34202014 |        88 | 0001011000
   21 | 000010101 |   0.35836795 |        92 | 0001011100
   22 | 000010110 |   0.37460659 |        96 | 0001100000
   23 | 000010111 |   0.39073113 |       100 | 0001100100
   24 | 000011000 |   0.40673664 |       104 | 0001101000
   25 | 000011001 |   0.42261826 |       108 | 0001101100
   26 | 000011010 |   0.43837115 |       112 | 0001110000
   27 | 000011011 |   0.45399050 |       116 | 0001110100
   28 | 000011100 |   0.46947156 |       120 | 0001111000
   29 | 000011101 |   0.48480962 |       124 | 0001111100
   30 | 000011110 |   0.50000000 |       128 | 0010000000
   31 | 000011111 |   0.51503807 |       132 | 0010000100
   32 | 000100000 |   0.52991926 |       136 | 0010001000
   33 | 000100001 |   0.54463904 |       139 | 0010001011
   34 | 000100010 |   0.55919290 |       143 | 0010001111
   35 | 000100011 |   0.57357644 |       147 | 0010010011
   36 | 000100100 |   0.58778525 |       150 | 0010010110
   37 | 000100101 |   0.60181502 |       154 | 0010011010
   38 | 000100110 |   0.61566148 |       158 | 0010011110
   39 | 000100111 |   0.62932039 |       161 | 0010100001
   40 | 000101000 |   0.64278761 |       165 | 0010100101
   41 | 000101001 |   0.65605903 |       168 | 0010101000
   42 | 000101010 |   0.66913061 |       171 | 0010101011
   43 | 000101011 |   0.68199836 |       175 | 0010101111
   44 | 000101100 |   0.69465837 |       178 | 0010110010
   45 | 000101101 |   0.70710678 |       181 | 0010110101
   46 | 000101110 |   0.71933980 |       184 | 0010111000
   47 | 000101111 |   0.73135370 |       187 | 0010111011
   48 | 000110000 |   0.74314483 |       190 | 0010111110
   49 | 000110001 |   0.75470958 |       193 | 0011000001
   50 | 000110010 |   0.76604444 |       196 | 0011000100
   51 | 000110011 |   0.77714596 |       199 | 0011000111
   52 | 000110100 |   0.78801075 |       202 | 0011001010
   53 | 000110101 |   0.79863551 |       204 | 0011001100
   54 | 000110110 |   0.80901699 |       207 | 0011001111
   55 | 000110111 |   0.81915204 |       210 | 0011010010
   56 | 000111000 |   0.82903757 |       212 | 0011010100
   57 | 000111001 |   0.83867057 |       215 | 0011010111
   58 | 000111010 |   0.84804810 |       217 | 0011011001
   59 | 000111011 |   0.85716730 |       219 | 0011011011
   60 | 000111100 |   0.86602540 |       222 | 0011011110
   61 | 000111101 |   0.87461971 |       224 | 0011100000
   62 | 000111110 |   0.88294759 |       226 | 0011100010
   63 | 000111111 |   0.89100652 |       228 | 0011100100
   64 | 001000000 |   0.89879405 |       230 | 0011100110
   65 | 001000001 |   0.90630779 |       232 | 0011101000
   66 | 001000010 |   0.91354546 |       234 | 0011101010
   67 | 001000011 |   0.92050485 |       236 | 0011101100
   68 | 001000100 |   0.92718385 |       237 | 0011101101
   69 | 001000101 |   0.93358043 |       239 | 0011101111
   70 | 001000110 |   0.93969262 |       241 | 0011110001
   71 | 001000111 |   0.94551858 |       242 | 0011110010
   72 | 001001000 |   0.95105652 |       243 | 0011110011
   73 | 001001001 |   0.95630476 |       245 | 0011110101
   74 | 001001010 |   0.96126170 |       246 | 0011110110
   75 | 001001011 |   0.96592583 |       247 | 0011110111
   76 | 001001100 |   0.97029573 |       248 | 0011111000
   77 | 001001101 |   0.97437006 |       249 | 0011111001
   78 | 001001110 |   0.97814760 |       250 | 0011111010
   79 | 001001111 |   0.98162718 |       251 | 0011111011
   80 | 001010000 |   0.98480775 |       252 | 0011111100
   81 | 001010001 |   0.98768834 |       253 | 0011111101
   82 | 001010010 |   0.99026807 |       254 | 0011111110
   83 | 001010011 |   0.99254615 |       254 | 0011111110
   84 | 001010100 |   0.99452190 |       255 | 0011111111
   85 | 001010101 |   0.99619470 |       255 | 0011111111
   86 | 001010110 |   0.99756405 |       255 | 0011111111
   87 | 001010111 |   0.99862953 |       256 | 0100000000
   88 | 001011000 |   0.99939083 |       256 | 0100000000
   89 | 001011001 |   0.99984770 |       256 | 0100000000
   90 | 001011010 |   1.00000000 |       256 | 0100000000
   91 | 001011011 |   0.99984770 |       256 | 0100000000
   92 | 001011100 |   0.99939083 |       256 | 0100000000
   93 | 001011101 |   0.99862953 |       256 | 0100000000
   94 | 001011110 |   0.99756405 |       255 | 0011111111
   95 | 001011111 |   0.99619470 |       255 | 0011111111
   96 | 001100000 |   0.99452190 |       255 | 0011111111
   97 | 001100001 |   0.99254615 |       254 | 0011111110
   98 | 001100010 |   0.99026807 |       254 | 0011111110
   99 | 001100011 |   0.98768834 |       253 | 0011111101
  100 | 001100100 |   0.98480775 |       252 | 0011111100
  101 | 001100101 |   0.98162718 |       251 | 0011111011
  102 | 001100110 |   0.97814760 |       250 | 0011111010
  103 | 001100111 |   0.97437006 |       249 | 0011111001
  104 | 001101000 |   0.97029573 |       248 | 0011111000
  105 | 001101001 |   0.96592583 |       247 | 0011110111
  106 | 001101010 |   0.96126170 |       246 | 0011110110
  107 | 001101011 |   0.95630476 |       245 | 0011110101
  108 | 001101100 |   0.95105652 |       243 | 0011110011
  109 | 001101101 |   0.94551858 |       242 | 0011110010
  110 | 001101110 |   0.93969262 |       241 | 0011110001
  111 | 001101111 |   0.93358043 |       239 | 0011101111
  112 | 001110000 |   0.92718385 |       237 | 0011101101
  113 | 001110001 |   0.92050485 |       236 | 0011101100
  114 | 001110010 |   0.91354546 |       234 | 0011101010
  115 | 001110011 |   0.90630779 |       232 | 0011101000
  116 | 001110100 |   0.89879405 |       230 | 0011100110
  117 | 001110101 |   0.89100652 |       228 | 0011100100
  118 | 001110110 |   0.88294759 |       226 | 0011100010
  119 | 001110111 |   0.87461971 |       224 | 0011100000
  120 | 001111000 |   0.86602540 |       222 | 0011011110
  121 | 001111001 |   0.85716730 |       219 | 0011011011
  122 | 001111010 |   0.84804810 |       217 | 0011011001
  123 | 001111011 |   0.83867057 |       215 | 0011010111
  124 | 001111100 |   0.82903757 |       212 | 0011010100
  125 | 001111101 |   0.81915204 |       210 | 0011010010
  126 | 001111110 |   0.80901699 |       207 | 0011001111
  127 | 001111111 |   0.79863551 |       204 | 0011001100
  128 | 010000000 |   0.78801075 |       202 | 0011001010
  129 | 010000001 |   0.77714596 |       199 | 0011000111
  130 | 010000010 |   0.76604444 |       196 | 0011000100
  131 | 010000011 |   0.75470958 |       193 | 0011000001
  132 | 010000100 |   0.74314483 |       190 | 0010111110
  133 | 010000101 |   0.73135370 |       187 | 0010111011
  134 | 010000110 |   0.71933980 |       184 | 0010111000
  135 | 010000111 |   0.70710678 |       181 | 0010110101
  136 | 010001000 |   0.69465837 |       178 | 0010110010
  137 | 010001001 |   0.68199836 |       175 | 0010101111
  138 | 010001010 |   0.66913061 |       171 | 0010101011
  139 | 010001011 |   0.65605903 |       168 | 0010101000
  140 | 010001100 |   0.64278761 |       165 | 0010100101
  141 | 010001101 |   0.62932039 |       161 | 0010100001
  142 | 010001110 |   0.61566148 |       158 | 0010011110
  143 | 010001111 |   0.60181502 |       154 | 0010011010
  144 | 010010000 |   0.58778525 |       150 | 0010010110
  145 | 010010001 |   0.57357644 |       147 | 0010010011
  146 | 010010010 |   0.55919290 |       143 | 0010001111
  147 | 010010011 |   0.54463904 |       139 | 0010001011
  148 | 010010100 |   0.52991926 |       136 | 0010001000
  149 | 010010101 |   0.51503807 |       132 | 0010000100
  150 | 010010110 |   0.50000000 |       128 | 0010000000
  151 | 010010111 |   0.48480962 |       124 | 0001111100
  152 | 010011000 |   0.46947156 |       120 | 0001111000
  153 | 010011001 |   0.45399050 |       116 | 0001110100
  154 | 010011010 |   0.43837115 |       112 | 0001110000
  155 | 010011011 |   0.42261826 |       108 | 0001101100
  156 | 010011100 |   0.40673664 |       104 | 0001101000
  157 | 010011101 |   0.39073113 |       100 | 0001100100
  158 | 010011110 |   0.37460659 |        96 | 0001100000
  159 | 010011111 |   0.35836795 |        92 | 0001011100
  160 | 010100000 |   0.34202014 |        88 | 0001011000
  161 | 010100001 |   0.32556815 |        83 | 0001010011
  162 | 010100010 |   0.30901699 |        79 | 0001001111
  163 | 010100011 |   0.29237170 |        75 | 0001001011
  164 | 010100100 |   0.27563736 |        71 | 0001000111
  165 | 010100101 |   0.25881905 |        66 | 0001000010
  166 | 010100110 |   0.24192190 |        62 | 0000111110
  167 | 010100111 |   0.22495105 |        58 | 0000111010
  168 | 010101000 |   0.20791169 |        53 | 0000110101
  169 | 010101001 |   0.19080900 |        49 | 0000110001
  170 | 010101010 |   0.17364818 |        44 | 0000101100
  171 | 010101011 |   0.15643447 |        40 | 0000101000
  172 | 010101100 |   0.13917310 |        36 | 0000100100
  173 | 010101101 |   0.12186934 |        31 | 0000011111
  174 | 010101110 |   0.10452846 |        27 | 0000011011
  175 | 010101111 |   0.08715574 |        22 | 0000010110
  176 | 010110000 |   0.06975647 |        18 | 0000010010
  177 | 010110001 |   0.05233596 |        13 | 0000001101
  178 | 010110010 |   0.03489950 |         9 | 0000001001
  179 | 010110011 |   0.01745241 |         4 | 0000000100
  180 | 010110100 |   0.00000000 |         0 | 0000000000
  181 | 010110101 |  -0.01745241 |        -4 | 1111111100
  182 | 010110110 |  -0.03489950 |        -9 | 1111110111
  183 | 010110111 |  -0.05233596 |       -13 | 1111110011
  184 | 010111000 |  -0.06975647 |       -18 | 1111101110
  185 | 010111001 |  -0.08715574 |       -22 | 1111101010
  186 | 010111010 |  -0.10452846 |       -27 | 1111100101
  187 | 010111011 |  -0.12186934 |       -31 | 1111100001
  188 | 010111100 |  -0.13917310 |       -36 | 1111011100
  189 | 010111101 |  -0.15643447 |       -40 | 1111011000
  190 | 010111110 |  -0.17364818 |       -44 | 1111010100
  191 | 010111111 |  -0.19080900 |       -49 | 1111001111
  192 | 011000000 |  -0.20791169 |       -53 | 1111001011
  193 | 011000001 |  -0.22495105 |       -58 | 1111000110
  194 | 011000010 |  -0.24192190 |       -62 | 1111000010
  195 | 011000011 |  -0.25881905 |       -66 | 1110111110
  196 | 011000100 |  -0.27563736 |       -71 | 1110111001
  197 | 011000101 |  -0.29237170 |       -75 | 1110110101
  198 | 011000110 |  -0.30901699 |       -79 | 1110110001
  199 | 011000111 |  -0.32556815 |       -83 | 1110101101
  200 | 011001000 |  -0.34202014 |       -88 | 1110101000
  201 | 011001001 |  -0.35836795 |       -92 | 1110100100
  202 | 011001010 |  -0.37460659 |       -96 | 1110100000
  203 | 011001011 |  -0.39073113 |      -100 | 1110011100
  204 | 011001100 |  -0.40673664 |      -104 | 1110011000
  205 | 011001101 |  -0.42261826 |      -108 | 1110010100
  206 | 011001110 |  -0.43837115 |      -112 | 1110010000
  207 | 011001111 |  -0.45399050 |      -116 | 1110001100
  208 | 011010000 |  -0.46947156 |      -120 | 1110001000
  209 | 011010001 |  -0.48480962 |      -124 | 1110000100
  210 | 011010010 |  -0.50000000 |      -128 | 1110000000
  211 | 011010011 |  -0.51503807 |      -132 | 1101111100
  212 | 011010100 |  -0.52991926 |      -136 | 1101111000
  213 | 011010101 |  -0.54463904 |      -139 | 1101110101
  214 | 011010110 |  -0.55919290 |      -143 | 1101110001
  215 | 011010111 |  -0.57357644 |      -147 | 1101101101
  216 | 011011000 |  -0.58778525 |      -150 | 1101101010
  217 | 011011001 |  -0.60181502 |      -154 | 1101100110
  218 | 011011010 |  -0.61566148 |      -158 | 1101100010
  219 | 011011011 |  -0.62932039 |      -161 | 1101011111
  220 | 011011100 |  -0.64278761 |      -165 | 1101011011
  221 | 011011101 |  -0.65605903 |      -168 | 1101011000
  222 | 011011110 |  -0.66913061 |      -171 | 1101010101
  223 | 011011111 |  -0.68199836 |      -175 | 1101010001
  224 | 011100000 |  -0.69465837 |      -178 | 1101001110
  225 | 011100001 |  -0.70710678 |      -181 | 1101001011
  226 | 011100010 |  -0.71933980 |      -184 | 1101001000
  227 | 011100011 |  -0.73135370 |      -187 | 1101000101
  228 | 011100100 |  -0.74314483 |      -190 | 1101000010
  229 | 011100101 |  -0.75470958 |      -193 | 1100111111
  230 | 011100110 |  -0.76604444 |      -196 | 1100111100
  231 | 011100111 |  -0.77714596 |      -199 | 1100111001
  232 | 011101000 |  -0.78801075 |      -202 | 1100110110
  233 | 011101001 |  -0.79863551 |      -204 | 1100110100
  234 | 011101010 |  -0.80901699 |      -207 | 1100110001
  235 | 011101011 |  -0.81915204 |      -210 | 1100101110
  236 | 011101100 |  -0.82903757 |      -212 | 1100101100
  237 | 011101101 |  -0.83867057 |      -215 | 1100101001
  238 | 011101110 |  -0.84804810 |      -217 | 1100100111
  239 | 011101111 |  -0.85716730 |      -219 | 1100100101
  240 | 011110000 |  -0.86602540 |      -222 | 1100100010
  241 | 011110001 |  -0.87461971 |      -224 | 1100100000
  242 | 011110010 |  -0.88294759 |      -226 | 1100011110
  243 | 011110011 |  -0.89100652 |      -228 | 1100011100
  244 | 011110100 |  -0.89879405 |      -230 | 1100011010
  245 | 011110101 |  -0.90630779 |      -232 | 1100011000
  246 | 011110110 |  -0.91354546 |      -234 | 1100010110
  247 | 011110111 |  -0.92050485 |      -236 | 1100010100
  248 | 011111000 |  -0.92718385 |      -237 | 1100010011
  249 | 011111001 |  -0.93358043 |      -239 | 1100010001
  250 | 011111010 |  -0.93969262 |      -241 | 1100001111
  251 | 011111011 |  -0.94551858 |      -242 | 1100001110
  252 | 011111100 |  -0.95105652 |      -243 | 1100001101
  253 | 011111101 |  -0.95630476 |      -245 | 1100001011
  254 | 011111110 |  -0.96126170 |      -246 | 1100001010
  255 | 011111111 |  -0.96592583 |      -247 | 1100001001
  256 | 100000000 |  -0.97029573 |      -248 | 1100001000
  257 | 100000001 |  -0.97437006 |      -249 | 1100000111
  258 | 100000010 |  -0.97814760 |      -250 | 1100000110
  259 | 100000011 |  -0.98162718 |      -251 | 1100000101
  260 | 100000100 |  -0.98480775 |      -252 | 1100000100
  261 | 100000101 |  -0.98768834 |      -253 | 1100000011
  262 | 100000110 |  -0.99026807 |      -254 | 1100000010
  263 | 100000111 |  -0.99254615 |      -254 | 1100000010
  264 | 100001000 |  -0.99452190 |      -255 | 1100000001
  265 | 100001001 |  -0.99619470 |      -255 | 1100000001
  266 | 100001010 |  -0.99756405 |      -255 | 1100000001
  267 | 100001011 |  -0.99862953 |      -256 | 1100000000
  268 | 100001100 |  -0.99939083 |      -256 | 1100000000
  269 | 100001101 |  -0.99984770 |      -256 | 1100000000
  270 | 100001110 |  -1.00000000 |      -256 | 1100000000
  271 | 100001111 |  -0.99984770 |      -256 | 1100000000
  272 | 100010000 |  -0.99939083 |      -256 | 1100000000
  273 | 100010001 |  -0.99862953 |      -256 | 1100000000
  274 | 100010010 |  -0.99756405 |      -255 | 1100000001
  275 | 100010011 |  -0.99619470 |      -255 | 1100000001
  276 | 100010100 |  -0.99452190 |      -255 | 1100000001
  277 | 100010101 |  -0.99254615 |      -254 | 1100000010
  278 | 100010110 |  -0.99026807 |      -254 | 1100000010
  279 | 100010111 |  -0.98768834 |      -253 | 1100000011
  280 | 100011000 |  -0.98480775 |      -252 | 1100000100
  281 | 100011001 |  -0.98162718 |      -251 | 1100000101
  282 | 100011010 |  -0.97814760 |      -250 | 1100000110
  283 | 100011011 |  -0.97437006 |      -249 | 1100000111
  284 | 100011100 |  -0.97029573 |      -248 | 1100001000
  285 | 100011101 |  -0.96592583 |      -247 | 1100001001
  286 | 100011110 |  -0.96126170 |      -246 | 1100001010
  287 | 100011111 |  -0.95630476 |      -245 | 1100001011
  288 | 100100000 |  -0.95105652 |      -243 | 1100001101
  289 | 100100001 |  -0.94551858 |      -242 | 1100001110
  290 | 100100010 |  -0.93969262 |      -241 | 1100001111
  291 | 100100011 |  -0.93358043 |      -239 | 1100010001
  292 | 100100100 |  -0.92718385 |      -237 | 1100010011
  293 | 100100101 |  -0.92050485 |      -236 | 1100010100
  294 | 100100110 |  -0.91354546 |      -234 | 1100010110
  295 | 100100111 |  -0.90630779 |      -232 | 1100011000
  296 | 100101000 |  -0.89879405 |      -230 | 1100011010
  297 | 100101001 |  -0.89100652 |      -228 | 1100011100
  298 | 100101010 |  -0.88294759 |      -226 | 1100011110
  299 | 100101011 |  -0.87461971 |      -224 | 1100100000
  300 | 100101100 |  -0.86602540 |      -222 | 1100100010
  301 | 100101101 |  -0.85716730 |      -219 | 1100100101
  302 | 100101110 |  -0.84804810 |      -217 | 1100100111
  303 | 100101111 |  -0.83867057 |      -215 | 1100101001
  304 | 100110000 |  -0.82903757 |      -212 | 1100101100
  305 | 100110001 |  -0.81915204 |      -210 | 1100101110
  306 | 100110010 |  -0.80901699 |      -207 | 1100110001
  307 | 100110011 |  -0.79863551 |      -204 | 1100110100
  308 | 100110100 |  -0.78801075 |      -202 | 1100110110
  309 | 100110101 |  -0.77714596 |      -199 | 1100111001
  310 | 100110110 |  -0.76604444 |      -196 | 1100111100
  311 | 100110111 |  -0.75470958 |      -193 | 1100111111
  312 | 100111000 |  -0.74314483 |      -190 | 1101000010
  313 | 100111001 |  -0.73135370 |      -187 | 1101000101
  314 | 100111010 |  -0.71933980 |      -184 | 1101001000
  315 | 100111011 |  -0.70710678 |      -181 | 1101001011
  316 | 100111100 |  -0.69465837 |      -178 | 1101001110
  317 | 100111101 |  -0.68199836 |      -175 | 1101010001
  318 | 100111110 |  -0.66913061 |      -171 | 1101010101
  319 | 100111111 |  -0.65605903 |      -168 | 1101011000
  320 | 101000000 |  -0.64278761 |      -165 | 1101011011
  321 | 101000001 |  -0.62932039 |      -161 | 1101011111
  322 | 101000010 |  -0.61566148 |      -158 | 1101100010
  323 | 101000011 |  -0.60181502 |      -154 | 1101100110
  324 | 101000100 |  -0.58778525 |      -150 | 1101101010
  325 | 101000101 |  -0.57357644 |      -147 | 1101101101
  326 | 101000110 |  -0.55919290 |      -143 | 1101110001
  327 | 101000111 |  -0.54463904 |      -139 | 1101110101
  328 | 101001000 |  -0.52991926 |      -136 | 1101111000
  329 | 101001001 |  -0.51503807 |      -132 | 1101111100
  330 | 101001010 |  -0.50000000 |      -128 | 1110000000
  331 | 101001011 |  -0.48480962 |      -124 | 1110000100
  332 | 101001100 |  -0.46947156 |      -120 | 1110001000
  333 | 101001101 |  -0.45399050 |      -116 | 1110001100
  334 | 101001110 |  -0.43837115 |      -112 | 1110010000
  335 | 101001111 |  -0.42261826 |      -108 | 1110010100
  336 | 101010000 |  -0.40673664 |      -104 | 1110011000
  337 | 101010001 |  -0.39073113 |      -100 | 1110011100
  338 | 101010010 |  -0.37460659 |       -96 | 1110100000
  339 | 101010011 |  -0.35836795 |       -92 | 1110100100
  340 | 101010100 |  -0.34202014 |       -88 | 1110101000
  341 | 101010101 |  -0.32556815 |       -83 | 1110101101
  342 | 101010110 |  -0.30901699 |       -79 | 1110110001
  343 | 101010111 |  -0.29237170 |       -75 | 1110110101
  344 | 101011000 |  -0.27563736 |       -71 | 1110111001
  345 | 101011001 |  -0.25881905 |       -66 | 1110111110
  346 | 101011010 |  -0.24192190 |       -62 | 1111000010
  347 | 101011011 |  -0.22495105 |       -58 | 1111000110
  348 | 101011100 |  -0.20791169 |       -53 | 1111001011
  349 | 101011101 |  -0.19080900 |       -49 | 1111001111
  350 | 101011110 |  -0.17364818 |       -44 | 1111010100
  351 | 101011111 |  -0.15643447 |       -40 | 1111011000
  352 | 101100000 |  -0.13917310 |       -36 | 1111011100
  353 | 101100001 |  -0.12186934 |       -31 | 1111100001
  354 | 101100010 |  -0.10452846 |       -27 | 1111100101
  355 | 101100011 |  -0.08715574 |       -22 | 1111101010
  356 | 101100100 |  -0.06975647 |       -18 | 1111101110
  357 | 101100101 |  -0.05233596 |       -13 | 1111110011
  358 | 101100110 |  -0.03489950 |        -9 | 1111110111
  359 | 101100111 |  -0.01745241 |        -4 | 1111111100
